13739099077
15518877003
13718451970
18279330133
15854811769
13832490959
15528362345
18296680109
17630731216
13805254973
18567700366
15083071111
13718999235
13511000795
13520566619
13595177192
13552063742
13379031433
15937018168
13810147115
13033807057
18937273777
13526862599
13810665524
17705403540
15637658677
18638001545
15811161098
18253878160
18567216920
13763909210
18972201818
13507070708
13802222251
13701244519
13968053503
13882220358
15075699299
13522712770
13002449159
13911879862
13811533608
13601161859
13901293554
15704694867
18811190311
13321149869
13801029478
18806180920
13315211717
13851800621
13910288395
13581648036
13775898574
18912566186
13488750971
13000358045
15042809900
15588855879
18511356009
13371673886
18638575511
13701295055
18360931562
13366995298
15810675393
13501389623
13603107507
15051906788
18600989009
13717878040
18601149497
18911376752
13611263860
15030065337
13911888651
18665926027
15270947791
18304622246
18302347277
13503806729
15046211629
13453804435
18150091227
13269155333
18500656258
13366913988
13592258989
13085251222
15560249576
13406993970
18953811861
15861904663
18844063913
13939783123
18805305057
15997142600
18638941010
18373014331
13911863583
18970891972
15838263852
18611999142
13521582198
15522336463
13907482002
18930980662
17345997881
17663727581
13002996600
18106964570
18168161795
18935888730
13937669678
13602633663
13308635218
15943571399
13262180624
13834572836
17332006666
18361681688
13530474730
15814479802
13563752177
13720899519
13752077631
13823687241
18602285665
15137240911
13311262335
15211052976
13911781065
13623620057
15152563883
18048526751
13643469009
15862349298
15070825660
13132250607
15176099056
13898156952
18650913607
15634886797
18510231561
18008002884
13933806889
13857386738
13773449511
18134197143
15600266087
13821382156
13832354136
13312813003
18753162199
13505310753
13901148588
13693297212
13909149102
13656176510
15928998823
13703837088
18222284333
15567419590
18711137429
18222964601
13950005100
18174403939
13902380792
15903669090
16606380199
18831410030
13783891659
13942844885
13305279518
15190485876
18903119433
15943952288
13633224455
13356259656
18660121176
13305174119
18081801391
13511032114
15144173320
13487223581
15503296856
13514074661
18802238181
15070412082
17621925190
15365609060
13556458796
13810514589
18727858366
13821405527
18359800057
15510827577
15134100511
18611349615
13691124811
13683517779
13969518323
13811122320
13962954396
15094008960
15039081342
13354721885
18686628090
13911030285
15936990600
17768228388
13921106253
18678781206
15806875247
13014356958
13608875449
18651893797
13810925989
13522945337
18349393666
18090186688
15515006210
13944927193
15332037797
13311134308
13384774711
13962827388
13910620536
13396218011
15518774567
13611835533
15522316531
13383810007
13451923342
18269772992
13911270291
13386352751
17775755966
15901362225
13621331633
18501044111
13758251118
18562293276
13888222296
13585683321
13507630585
13910651888
13801074888
17611601395
18131823863
13806462756
13312969503
13723782445
15822087565
15312879666
18964507690
13814493468
13310880924
18291971425
13601503927
13907688811
13820396159
13982668638
13605174709
15552565222
13926566866
13389098102
13012355160
13801399066
13889100148
18910964121
13381258160
13803382024
13195533522
13718720767
18031346535
13930239998
18852126777
18010767327
18039377818
13997721672
18136712868
13516190158
15030065325
15003532931
15075135677
13601183136
13058176480
18662661913
18518222008
13057069012
15090380356
15993859832
13339237656
13882257201
13347197234
15805550989
13120284831
15338188899
17753124270
13716636643
13910969941
18522881082
13092421130
18730152465
15036168579
13135536385
15531207369
13302176111
18081064962
18801182005
15731091009
13901239253
18266442218
13952309891
18190876571
13353890008
13701134168
15139322229
15811280706
15932665618
15952582123
18351058270
18806398289
13932458978
13880412109
18611712212
15388263033
13381116382
15275162814
13520698953
13831126431
13945132282
18030828932
13512081938
15839428688
13781461512
13006574826
13920258051
13889301716
13541005925
13511574635
18782920325
15896436115
18340219765
13905075563
13381116868
13104543773
13785388247
13635273352
18037819221
13701376659
13903207965
13502811805
18611569399
18662180242
15359282767
13585150110
15339068128
13701266102
13391900544
13511068929
15866985866
13845053772
18728489653
13901365671
18631458170
18210996072
18910809797
13423678020
13148077728
13903461246
13552072052
13910972691
18601123129
13141493119
13396328589
13890151119
15311119058
13522658910
13313628588
15862088455
13838007936
13701090498
18132226666
13972587606
13164317613
13701535301
13311366676
13801102188
13848623201
15801119996
13160856389
18065552126
18526700682
13920606681
13540567012
18621879861
15822460232
15040661163
13912732368
15312002760
13911861392
13111429018
13701102685
13338933626
13831201231
13331023233
13375448755
13552757030
15736122262
13228263693
13552794986
18631423382
18100637175
18946580810
13901090356
13522067561
13864086406
13724016335
13371998386
13906296081
15503296858
15837299300
15133691577
13811878861
13931428205
15001043055
18030858246
15022626807
13976018528
18816854260
18631127850
13889217736
18906358119
13501376821
13702180993
18931835272
15695538322
15165077176
18631297368
13821486608
13871239779
13011035608
13261296369
13701062587
18956026888
18952841900
18701441004
15084930540
13618226188
15609073555
15810351185
13910071897
13014670368
15840381120
13852533133
13601978785
13810488133
13667676249
13080013945
15649562111
13751939013
13315270805
15101152922
13958109261
13627007070
13162001845
13516137575
15959362918
13653311169
13839250053
15102236976
13311563555
13607201995
13608925298
13701052065
13313385678
18601380119
13718081811
15122221575
13801270987
13697764518
18040507083
13733225392
18910429715
13691793505
18910798868
13701296697
13903322100
13001777996
13302109891
17328862818
13838711862
13693446737
15011439385
15972970837
18622783392
13601300569
13866132926
13538555712
15882962725
15982359875
13330805696
18140017783
18981832681
18989196869
13678077809
13408465788
18908581393
13684347832
17738184816
18683024111
13882050829
13980750178
13981823986
15681689532
13981150026
13981687200
15928035550
13981503770
13980801881
18190826003
18908058998
13980435611
15008160981
13982006903
18990427450
15882087772
13668193462
13320816353
18081038634
13980676186
13568829114
18582481992
18008035794
18108063733
18280801567
18108193218
15223209360
18381031898
15881093321
18828059388
18380168145
15983333316
13550339373
13458200790
13981717016
13708124277
18011525968
13808020178
13981899873
13111896888
15215072569
18010591651
15198294430
13666276727
13666113333
13518266660
18215622995
17761216912
18081297000
18980005085
15882228890
13699088236
13980018512
13808223094
13219919919
18111250357
17311245710
18080971643
18615758078
13981801732
13908172448
13695765655
13568422888
18080695699
13258116162
13880262823
13890656689
13980982648
13990078181
15908299099
18208290698
13908174940
18908202969
18908220880
13882263678
13880111775
17726375720
13330986548
18980961821
13980885426
13795924301
18990990071
13568278222
15351435333
13881965697
18111267200
13982168913
18602872915
13981712279
15882545346
15008275800
13980695007
15882602192
18080925663
15802806303
13980079678
13880603871
13056662769
13198566343
15228806250
13771562143
13696084803
15228817779
15228595725
18682811683
13518171409
18280290587
13678125456
18982982866
13608006332
18108129635
13688064431
13548115542
13206073333
18879686068
18223256588
13452415304
15330670698
13983755039
13996820109
13883676536
13002316753
13989137974
15213449152
18580109009
13983520335
13883730993
13896133162
13667609583
18723203888
13996119961
13996995789
13330332610
13407143480
18702354651
13709416968
18996145675
15823561886
15123014201
13996286385
13983383875
18983211196
15223302696
15723274375
13452075588
13452270938
13527578257
18883379119
18100868677
18523380808
13452544333
17347621971
15823100847
13996171750
13996645008
15908330468
13677665433
13658337297
13883315483
18696521247
17725004942
15902375281
15823980652
13983404083
13896368583
13508328469
13629737327
13068310820
13527338393
15618688205
15378633745
17782270670
18665301955
18925212328
13828856734
13631593740
18027165294
13509668461
13798688818
13922158511
18002902186
13652218542
15107606166
13318985986
13926833249
15602964055
13502215510
15210596054
18688888476
18676207523
13632612544
13825844838
18688892446
13760801833
13711143663
13502213356
13554726812
13632983389
15913521098
13924635098
13570298968
18680131318
18928931508
13378696815
13631599461
13926147577
18922751165
13726725788
18682422100
13516652896
13729950797
13828202118
13823852779
18922836735
13316958747
13822184800
13600494841
13763029843
13662943141
13016694655
18607698018
13580503884
18575546168
18575618887
13480646806
18038906669
13509000092
13825067733
13713586591
13751691856
15915238638
13802673863
13928408570
13750172222
13660085587
13560082011
13380911168
13509251982
18688811302
13632411776
15915737606
13189300692
18620231459
18928805886
18123831227
13631423868
13709639935
13585544965
18003964488
13937447922
13007513036
13183282999
15617690362
13523233322
13303892228
13503943928
15896600117
13213818080
13223703698
15638188790
13838139479
18538196668
18639720217
18625308444
13303898995
15893885577
18530861588
13653850398
15836999387
18790131163
13663859307
18937116806
13938436360
15981996161
13903886609
13608444448
13303856612
15890265360
13703969994
13949576798
15738355888
13525757259
13849230881
13592322225
18624881695
13703967763
15093695699
13733996777
15890115066
15036292333
13700744987
13639640423
18937975333
13103941919
18709397688
15670608467
18337107590
13503717975
18839969917
13523783393
13663736195
18339293503
13613907555
15937852001
15137176720
13693730472
16639375210
13213557973
15937134119
17788110999
18939437561
13613977222
13937926680
13837161676
18538553121
15516621789
13283921629
15230258222
13613706711
15515187257
17603863803
13781383737
13653736211
13903719406
15623564562
18639132001
18697764077
13353827559
18864285457
18611157612
18939566688
13839029072
15039805666
13213004118
13838818883
15838071237
15139560550
13137715758
18838953697
13803877739
18236972139
17737020299
13781636119
18530770505
13663960308
13783331321
13849859779
15896746777
13811226669
18137183078
18637981999
13038755152
13607668344
13462969613
13703784138
18236766178
15038435770
13849565325
18603817991
13283718360
18603851994
18039551558
18939099157
15981810505
15539653933
13592258969
15890122120
13525756316
13803881267
15738838007
13937180853
15939033197
18839636397
13838138298
13033708018
18695944166
13383811552
13939050701
15729369227
13949586911
15036304222
13939286282
13603801699
18695872636
13849088277
18134457775
18739306666
13837214386
18137600555
13849588883
15713962187
15565288111
18339060257
15690786678
13015725897
15896786520
18538753839
18237175396
13839158888
13721863398
15236360999
15136108356
13838092882
13783752203
15638370047
15036905663
15937415260
13333976232
15903691652
17339657166
13598611866
15003865578
15837222229
18737746999
13707622678
13903752628
18539709256
13613920800
13849364528
13703800106
13937253085
15138262333
13839102467
18635456587
17639613931
15517829907
15010165999
13523387889
15993659807
15937720186
18898175767
13598292167
15737128687
15838276242
13803840904
13393981843
15939412990
18695992711
18736770288
13938628268
15617728027
18272929798
13849092893
13633850813
13939590333
18538052121
13838099957
17737785335
13333945348
13937551312
15038766399
18236445277
18638807800
13938101516
13525337079
13523310172
13703743837
18937798070
13938540730
13849816673
18567639557
13676934121
18939116066
13619881883
13137270767
18790891817
15537815380
13633838868
18641715313
18627989925
13476942540
13971505755
13469773000
13971086919
18872694401
13807294709
13260678823
18627714249
13085208952
15527779396
15717107595
13469998905
18120076827
18917746153
13585546415
13671759130
13816459338
13601644985
15000784390
13817360349
13701794866
13801836196
15921663725
18072982026
13621982895
13918111117
18964935383
13818587655
13817694990
13611622577
13901744119
18082871268
13391155091
18217771706
13661932919
13162953358
18613614585
13917128387
18018651133
13301755336
13801613210
13761245939
15001810147
18016073117
13611619484
15316780827
13311828987
13671739602
18069840348
18016098990
15921425956
13405236131
13636305243
13816759349
18616822818
13774278498
13818981810
13311699812
13801713418
17601303100
15962625765
13916580668
18516770984
13641974085
13636632256
18221945862
13303603760
15102127720
16601715827
18918110598
15821085201
13524724368
13801785432
13801811806
18017883566
13587018801
13621826706
13429827539
13641717933
13611740623
18918189189
18117301530
15000388180
15821858949
13813666458
13651951438
17301611213
13916444664
13761730487
18016291711
13661430225
17721120961
13633818398
18321643008
13301785887
13761607237
18516269446
13162432778
13601906018
18017240886
13761649126
13801643635
15821893533
13701878227
13916110795
13127823038
15801811788
13511505888
13301666660
18221306447
18918353558
18816502208
13301928537
18621182739
15800510052
15800556196
13381666363
13801730676
18001766061
13918661136
13371968680
13651808198
15901644933
13917378601
16621385996
13801925130
13917397635
13701933761
15821807468
13311863223
13916524018
18280013729
18802119555
13356060085
13003218537
13901899137
13701990996
13120628492
18901938959
13918069151
18930352158
13621921626
13020140733
13564002108
13122619016
13818218066
13901866592
13585956708
18019119968
13611977232
13671602777
15038857926
13816775568
13564381904
15021989506
13916604911
18917005119
13523603770
15800750434
13761795535
18018549499
15029939773
13818952719
13162533928
18621662157
13311987901
15821365523
13761135339
17701842212
13811669800
13002139256
13764053506
13381651021
13002162313
13661664419
13391380560
13003273288
13061682615
13671512357
13764492106
13816889413
13611855355
13585951590
13671758213
18021077203
17701812670
13764999396
13004179401
15601693356
13816311373
15516196688
13916060944
13736386602
15800306463
17717602046
15618345039
13601607567
18616860593
13901738984
13671645561
13916006928
18015807170
13003206670
13816655863
13801936116
13901884670
13868753888
13901532026
13916478583
18688077555
17717284118
18918262089
13127990987
13701857306
13701629367
13671903691
13564191497
13601770853
18017829858
17717922415
13795462798
13611610284
13916523986
13795307218
13816671837
13917337878
13641704637
18955299099
13221321188
13816179996
13701794253
13361982960
13585765126
13701813691
13372194175
13818180323
13761979636
13901882794
13816979728
18621933826
13301806703
15221591372
13801638048
18721991938
13801924686
18807081897
18502111108
18930190630
18616025886
13122239000
13501964549
13917259908
15800837737
13817927307
13817205000
18610388097
13916684911
17601301272
13817293366
13761338933
13382635960
13601971419
13661585613
13585766661
13817942224
13311933651
18917089583
13371827388
13611656111
18602113825
13818236841
13901667110
18924199262
18918328888
13301777190
13524229826
13917151892
15901697087
13331919517
18516052911
13003124146
13916386820
13818515777
13817688504
18019307295
13916028721
13601842653
13501708649
18930538899
13641737668
13817983067
18918814184
13916114152
13965845236
13311780239
18916358868
15900695295
18616024526
15921665443
18930835771
18601709250
13636606226
13601893155
13641788411
13910314621
13681877266
13917479908
13816303010
13801824893
13501825498
13818292442
18918962318
13818670311
13661498788
18621118588
18217788781
13816600165
13901943988
18616833851
13331908885
13661936978
13901808881
15601690321
15026856078
15921407810
13601856016
18930185052
13901787983
18921666001
13386069621
17701783322
13774324279
13311956789
13301712691
18272250513
15900607107
13585888587
13818282195
18016248352
13761776659
13801614911
18017297730
13381507652
18917706092
13601612457
15800429188
13818255246
13301733008
13311776787
13701662012
13311823528
18602162828
13061706176
13701786967
13601698720
18930894127
13816135574
15800635258
13916312698
13524400252
13601628897
13917898312
13003151331
13621857982
18621724810
13311812517
13795358650
13761300342
18616374693
13621782195
13801976678
15618247751
13262591976
13764426828
18017872978
18101815976
13801871408
13381666876
13311668006
15135175146
13585923084
13917515990
13917861261
15371348456
13901676323
15152203388
13682504752
13901774753
18052026718
13701829157
13601726806
13917987669
13122451596
13671805848
13917957360
13127882807
13052468930
13701982276
13801978527
13916619819
13761012898
13801728868
13636527688
13761414719
13901733326
13761281068
13818520381
15802129588
13671857255
15021881728
18616871335
13501936036
15000622223
13636688533
13818582805
13341831981
13311785936
13967327879
13003117552
13911645224
18016250818
13817017278
13501959749
13917339757
14782291909
13261933045
13816365980
13701913199
17317574764
13901881233
18621331788
18502130279
13761693598
13321890137
13918777838
13916833315
13817689508
13301679581
13901939668
13801766686
18901612726
13818959189
18930739307
17768133851
13671878681
13817617730
18621691105
13816690438
13916525997
13764299079
15921683688
13331805961
13601938388
13917443555
15601723958
13761484777
13801872061
13916923030
13003270629
13701702008
13867109186
18616565469
18601620987
17721268640
13918980188
13641706369
13116801958
13301799431
18217777069
13761919599
13501858947
13524366910
13817666801
13701778386
13601821990
13901876991
13052405237
13024181389
13916259399
18721515717
13122478886
13501878215
13901647053
13916325110
18616375593
13671931866
13681899806
13795287445
13918586903
13918989668
13901630959
13162094770
13917451673
13601898061
13795444585
13368295291
15601630872
18117060476
13701847435
15601856661
13248334663
18758213438
13916540515
15996631286
13901911853
15000272875
13045658026
13501680400
13918339925
13816206610
13801935761
13917358509
13501729597
13701752707
15821439950
13901960670
18917330210
13918122213
13524667347
13918012825
13636655102
13817301668
13918123806
13311755071
13023171188
13916478791
13564468355
13301968586
13818154576
13321819739
13701932525
13701804690
13681688541
13918808378
18918952556
17321459512
18817919103
13916378218
13916647038
13916600891
13701684360
13062856078
13701732668
13585526606
15921738376
13801688788
13701757689
13601838612
13331809618
13371997688
18121186866
13764280885
13917840178
13883013467
17783102867
15802333224
17623178016
15229398637
15683355101
17602368376
18426444988
17317979149
13357217792
15219629884
13637932328
13243413130
15108212072
15696363693
15281047704
13310217599
15680888173
13708098346
17815017122
13206031572
19923105393
13647316301
18908320119
15215033225
13983097894
13983552845
19922263095
18626189767
13883478286
17817296426
18623511160
15109762438
13132323225
19526069252
13568807841
13696022230
13658323927
15103267611
13048366133
18180431441
15223283838
18523135221
18983686198
18120975963
18867422843
13066159985
18086430184
13471163303
18002526768
13161220066
13707874833
17727999404
13480893273
19898891538
18602350945
15387510782
17725831380
13500009181
18026552472
17830736806
13689573170
15361283014
17628026106
15575134826
18878446967
18933589477
15886631712
15386192891
17770967236
18711271519
18673633278
18026932708
18385434101
17833728925
13049108869
18025846382
18122468617
18138247907
18807949288
15308087247
18096142179
13438078872
13533221924
19928789170
15767109550
15766051862
15388956527
18022346645
19902922647
13767641987
13926072503
13922401463
15687115079
19812807509
18318572928
18291950465
13410684243
18280027665
17329825269
15920494966
18003065694
15920540435
13660894624
17358608878
18138836054
18476571563
15976246450
18177610207
18821698072
13926433360
17772441522
18728348153
18002561894
18688400089
18102539617
14737605627
18926565564
17328772313
15669092770
13622258365
18384192107
17723666243
13677390840
18823164515
13660260877
15818591626
15562937108
17778674520
15937856372
19916206808
15335771572
18324185098
18824281745
18777166813
13751828583
18578678849
19139752311
15123621789
18879494667
13316987471
18975155670
18476928951
19925471426
13723428786
18328587275
17711393756
19528482180
19171751497
13977429535
19180489660
13288222491
13826179490
13085756776
18138873824
19128608961
18775327635
18902848175
13878457234
19925175242
18875904056
13688871814
17700628668
18924624052
15361428431
15608650203
18649866576
18660809130
15399901690
18819134872
18229814346
17685028627
18717371488
13503056004
13790699565
15210558795
13316521407
18878115581
17727848948
13510554351
18126224421
13307621523
13160610738
19925294676
18002547919
15574838564
13670260680
15812837707
19163539919
13822568467
13728770380
18138441225
17788952140
13875138150
13695248836
15817018370
13428065505
17665310305
13058065089
13760728143
18124632927
19925790955
15367811365
13202039440
13319585179
17875459790
15113260701
17727609190
13157119861
18127857793
18128874185
18002523755
18520396519
13410009370
13420227692
19902924734
15779863765
15216906988
18124574804
15338709194
18671082629
17388230876
18107520539
13894865172
13255203585
15273666785
18188917213
18073616883
17872770358
18073678620
18075612041
15886620157
13195541209
13568179815
18140011579
13871552055
18672342977
18202739035
18171271182
17602856941
13164663604
13297960782
18872276003
15623475861
13259493327
15827429760
17783853565
13212709373
15971449530
15971445112
13912303519
15517385215
16651311040
15224741753
13971676415
18327055787
18108632715
18571787929
13627134605
13545086502
15327675896
13185623871
18996660114
18224070616
13477049667
15664957556
15207815647
18038112442
15818116761
13523558751
18711183902
13037223455
13782167661
15539159777
19937901910
18039402832
18237978070
15333835686
19137926055
15225075274
13703888079
15937156350
13589129129
18937104860
18578952935
17796361875
15838131500
13883026748
16639119037
18839212795
19937372268
15937908798
18336306417
15638150983
19139776192
15838894373
18595425079
15514736606
13071085008
18537996547
18737132086
15138963708
13552620412
15036680969
15658819375
13978401117
18137182383
18854499873
18523972201
15309227843
15010642337
18530822389
15077441306
18103717404
18537982337
18878467276
15070502020
15336102876
18100321113
13072108129
15221145847
18135682204
15516969725
18252101223
13173396783
18216110920
15273688287
18216196722
18382702115
17340194291
18784760589
15884465941
15228887854
13008160076
15390152369
15283098178
15206227865
18583990649
18224462105
18086827852
18111662090
18200109132
18215655759
17740228762
13551874991
18582323680
16571891604
15022125422
15178929052
18030795967
18011456722
13488904982
13880154542
13540822487
18200266625
19828941875
18263986155
19113103901
19138497523
18328567230
17708132179
15696119309
15284860268
15727625887
15278434249
13880515682
13730621764
18224428700
13663470700
17340159950
13189068045
17608296671
13540937432
18000211337
15105417128
18382036782
18822694228
18622390226
13132598958
13920201559
18526874759
15222230273
13426481706
15550062932
18073666740
13146618666
19512218134
15307553537
18510993694
17388244133
17778140962
18916937855
18611763682
13301282296
18998999504
18907566339
15931121910
13439282913
18500557087
19801511100
15201371201
18145502202
18310185236
15900305769
13511032821
18681557337
18929381531
15116409993
18173156529
15576651353
18910751145
18528030319
15575561353
18968876394
15664312088
15600331631
16620925702
19974035247
17710161506
15797842616
18511148851
15528569115
18571696168
18500091956
15024133232
15552059627
19195856312
18092098109
18058781862
18726389232
18718687932
15616176210
18775357481
15112310673
13781879282
15345374168
19835659221
13866314080
19158826896
15808937871
13088031090
15675150283
15812869357
17795823493
18109210562
15232438111
15899789917
13177872137
18511148835
15255048824
15910253780
13146231722
19139776191
18789936373
13121321390
18639254936
18192367909
13838305952
18137112753
13360803090
18567228638
17601309879
13865281794
19965559472
18456460486
18175155159
18244996317
13600260754
18280413772
18084672867
19968154012
18919606377
13037287897
19914716032
15197236856
13124702333
18569145729
18979127665
17873170380
15203715113
13688161713
13308458113
15361095258
13279482513
17765878059
13287721997
13013096362
13307619749
18919575622
18500629775
18343097794
13903826684
17783053862
18055179866
15859026165
17331664776
18927406712
18222361710
13388189254
15666966690
18926182722
19978426507
18523887603
18885160644
18610620904
18663799576
17323201126
18514038123
18026935822
15966646122
15926406770
18721553040
18025441797
15302682458
15850756327
18122547982
17737951575
18934707616
19925392327
18604530540
18664938294
15323755239
13011053805
17788029851
15822855811
17689278457
18720072160
18054411817
18928492162
13626409663
18158421897
18975618442
15580822197
17380577291
19925306639
15027270866
13431786233
19923111297
18147273555
18884252862
17765860827
13321167194
13838205517
18580509897
13018642398
13432511446
13079892653
13787177361
17373122807
13272006257
15367884031
16675525045
15361827815
15207974107
18188980745
15115680341
19970968863
17727545347
16620447657
18075632769
17620590853
15295179422
13377962297
13480137589
17711732813
15323767743
19936870320
18152655435
18938834719
18569107118
19136677787
13479471765
18373698511
15626218590
18152655645
18973611240
17728600458
18973600556
18664738254
18907360207
18054271517
13670263725
18824309297
18126326970
18002588204
15213110364
18142838544
15307428483
18938868539
13008887937
13875183201
19936759261
18018714673
18973619214
18821951171
18974299705
19173690883
15399932696
18802092654
15319895066
13688980048
15213001519
13157170037
15399972816
18580071639
13417447080
17300862405
15261110370
14771197224
18033061607
18515680085
15361843946
13228199005
17700703137
18926444842
18122722504
18181763321
13541154572
15079092968
18582461820
15828178217
18122723658
15308036212
15123240955
17867043971
17612910313
13679023164
13881890410
15098090305
15527268320
13699015495
18349305028
13072890881
18382383440
18881251755
18608133709
18329303251
15690706587
15778886563
19980529875
18249983927
18782944932
18926500254
13699450118
13355075927
13308182816
19136247217
18384806584
18306828065
15009257316
15982394316
15827539599
15829002921
13438278574
13978612620
13681978548
18583270019
15884529420
13782785290
13896212547
15881679721
18011537152
17623448091
13788305121
15977675921
13558335108
18482146681
13435447801
17780832872
15982388073
17823973640
18981993404
15184303423
13978408896
13145905559
18107481700
15797651745
13753982736
17882900365
13242448330
13514948939
18180007468
18677238652
18685019363
17686969572
18024802806
13588498827
17691240880
15991260103
18351783228
19977186886
17321271654
13835822409
15203402435
18978828329
17609298781
18707847143
17630436427
13162864608
18402569165
15557153006
17783578028
19112191531
18118727729
18721237715
19925468194
15063899299
13377189529
13950264282
15708453073
13391117097
13761663200
15380447075
17713617484
17358522309
15617982013
18170048224
15261432246
19100203577
13525537620
18070504177
15712087150
19115942264
15366076712
18428175532
19113152087
15037525523
15335395456
19965444231
17501628250
15508619888
18038103464
18078147488
17766708767
13227043238
18589575434
19512317424
15900708212
18908459391
15923014802
15079169683
13996937197
18124588544
13764299435
13319567036
15177298213
15879065866
13316890132
18927324977
18927465397
18902487514
19103713944
18223558984
18966168149
13377557979
18776708307
18922846947
15600006282
13387746539
18502122539
18865936598
18033432779
15109208981
15878776033
17318010442
17373171380
18711178470
18194045649
18913946129
13961127440
19953907899
19926414968
18673662126
18865088785
13974978124
15973108364
17817790591
13682481545
18899713326
18890064437
17300774615
17778212505
18081645670
18696556563
15608020079
18876390230
15680802889
13648131903
18382700582
18349309702
17364766694
18202935724
17345966155
13666175378
15702849290
18980985253
15719428325
17358567172
15983683193
15881156457
18200535684
13618012258
15902859055
18040324723
17784033017
13198537220
13237005670
13550819381
18200380485
18380852837
18109025474
18127013193
17398892298
15928619934
13551845639
15882319159
13408555734
18255871818
18848447754
18408252073
18990057404
18390986383
18875262016
13281137519
18728411174
13036317038
13201586987
13541075989
18190858454
13918536954
17628388329
13332904100
13540450264
17623786009
18602394915
18100878572
18223034430
13015761176
13658334151
17725086950
13657622484
18523443888
13708305029
18602323951
18908300905
15239412013
13880726885
13376567338
15351466112
13648318847
15550062931
18038095253
18607885269
15023167724
18122415626
18122365910
15626006693
18884046001
15361889438
18102658276
17727762020
18027653807
15578005594
13752855778
13320963579
15767582445
18565421029
13036562645
18929546645
18520482525
18520842773
18764941466
18253909125
18033416631
15564932424
18974811585
18926441367
18363015335
13417144816
15622177087
18081119490
13247681905
15537412382
18502012942
15007597445
18680283046
13435353906
13126445668
13244074477
18218656803
18926779814
15013324094
13719364009
13571034984
13479756846
18975125587
13928880306
13265977884
13428382990
15019443598
18118726099
18594089084
13352813627
15818902048
15770807075
13672359532
13310854755
17674752713
18629254913
13718338262
18929251680
13978414020
18282773537
18122246616
18126107138
17728271948
15986827717
18018743249
15280850272
13668939920
13421689942
18028750521
15344401240
13392430399
17688882785
13542012523
15992468083
15627389408
18923758354
18975132961
18379970062
13380303114
13356469772
15999592430
15700762449
13066108505
13247038863
18665357030
15212415233
17691136787
13172304137
13886008943
15387599288
13797377771
13164640900
15610177794
17723041123
18483633113
13622116415
13797534603
13544046028
18070657177
13668113882
15281062331
15830085050
13397707330
13813011666
13776810590
17791968763
17752738213
15093425357
17734797505
15039210775
18106345503
18239330911
18937152042
18775973738
15517125553
18063421013
17748689415
15361879826
17318064672
18922861529
18848363237
17611230966
18265960195
17752727691
15515843825
15388903452
18026552642
18124599479
19118853253
19922864316
13647841156
18105495751
18129890874
18078088950
13650473248
19925469507
18938079174
18593961772
15056041764
13689019485
15184393144
13319172049
17318073103
13213672253
19925175812
18203669570
18175731974
19923398112
18113124291
18975815271
15282737680
18126087761
13873678865
18126219073
19974901673
17335656773
17882519908
13399506199
13510204002
13687003233
18313992603
18028795384
19928789042
18002569016
18926536281
16689593728
18026903108
17823575540
13678072524
19865332768
18137182293
18025427012
18161220082
13500341187
13342984144
15111825867
17345968355
13123834551
17322008683
15112533036
18256965499
17158305810
15756249775
13302466629
13155656011
15808502549
13367368093
19129490603
17070880890
13316520718
13629162312
15271930157
13392169414
15675640366
17704059968
15874973316
19828383352
18315098611
17384076662
15237184915
13923414100
18888329890
15023212219
16558276692
18580837414
18166443268
19520989017
15115682168
18974963087
15622746994
18078098311
18696743018
18878754281
17336541218
18169012005
18682050412
18607112649
17335772038
18726392033
13541250394
13365316306
15808333604
13590142373
18923859372
18228097989
17748786573
17336543373
17812046339
15803987095
15527460987
18851857845
18615600288
18666778369
13219097926
19923139902
17345776271
18580436628
18682972335
16551068370
18365798596
18075632293
15915619310
15323306305
18948704167
15984247106
15718228286
18711680737
13693029179
19936745074
19925347683
15323469159
17808170211
13469959290
17521185027
18382704514
13720280534
17352972629
17765281523
19928789793
19146448931
18701006528
18397319520
18124154424
18983697091
19115612641
13267470212
18027231157
18313770623
13684965279
13392418115
18929331967
18008452303
18537996537
15184336672
13350078897
18142684938
17725835364
15626501447
13705977614
13714578885
17318650886
18398976737
17725834846
17335743505
18926565205
17052988856
18513871413
18026552430
16620173919
18965006803
18476740264
13723586224
18970546474
15768499114
17335573953
18581556854
17752538344
15730392750
13045876970
15123331335
15680776797
18780360094
18523089893
18726389219
18137758556
13032382985
18117917536
17501417751
18674384187
18835094942
13811539850
18339779071
15527549865
13128903746
17742561901
19908070242
18600692699
15197696660
18127015622
18708436158
13728765110
13380383876
13096302687
15281057442
15565323710
15939206176
15108369385
13156195879
18152697523
18008659901
13055027809
15873622155
19520946320
13523183043
15802758992
15808095650
17702398382
17861414220
13381220656
13066017203
17377104009
13162697795
18126218092
19925299054
18107482330
18818536121
15823166657
13206030902
18923749684
15367972340
15697663695
18026903011
15884777360
13316357551
19173670390
15579020295
19171726426
15777143540
15626327032
13123154262
18335192409
18716628507
19118963490
18011756532
13911680871
13148756643
13880084541
18026554226
18292160041
18282060399
19806011133
13670100321
17725159939
17370096714
13539006991
18973666948
17168147212
13168082622
17708440925
18272739650
18164093257
18990237802
13514988041
18926503220
18132122137
13864088439
18927448715
15302640536
13806214744
13060717641
18040562615
13068846523
13628250658
18124097550
13048016040
18629588938
17398785854
19922870496
18026553548
17562913912
18861139249
18276123711
13409538815
15827120024
19972051427
19128469737
15719450502
19936826218
17623231403
15579135791
19939217122
18516987475
19119222879
15138919703
17073879811
15773293724
18982448228
18944735783
18821766931
17716330100
17762629245
17308518606
18978451719
17882909793
17336589561
13416458744
18500778776
18810566503
18356545697
18248805262
19136673501
13550477417
18126214603
15177286279
13527311694
18506942529
15730058694
18306677350
15213069759
18511148955
18600399665
15736246265
18511149020
17722603427
15589988912
18884050673
18149110445
18587873529
18075145871
17300728526
18066071375
19520795163
15123901892
15767827645
17665243948
17771689518
13701693325
15696612957
19141078469
18117905029
15191867725
18738477077
15926463515
18814347197
13724890485
18778941254
18123779953
18665034497
13989175646
18002577001
17615812355
18813755927
18109038861
13332952719
18589889580
13426427493
15077903173
18328626376
18821723095
17728607848
13418459590
18033072216
17671685816
18627865087
17301101023
18566866628
18386151853
17365769592
16655058554
15178860869
15116469256
18925071375
18620131904
18665384492
18606533196
17364065541
18926772749
17773663498
15838555214
15637706234
