13607668344
13821405527
18022346645
17615812355
13758251118
15184336672
18611712212
18518222008
13894865172
15600331631
13901787983
15518774567
13062856078
17336543373
18875904056
18737132086
13660894624
13671758213
13311699812
15901644933
13701752707
18252101223
15823980652
13011035608
13693029179
13564191497
15116409993
13971676415
13767641987
15001810147
13386352751
13564381904
15177286279
18566866628
13146231722
13399506199
17778674520
13916523986
13438078872
18313770623
18523972201
13503943928
13611855355
15361843946
13085756776
13564468355
18616374693
13639640423
13801029478
15516969725
15213001519
13761795535
13835822409
13103941919
13332952719
13901148588
13641706369
13761135339
15861904663
13663960308
13922158511
15879065866
13509668461
18017829858
13818959189
18872694401
18682811683
13371968680
13918980188
13917397635
15036292333
15638188790
13917451673
18073678620
15921665443
13015725897
18134457775
18408252073
13923414100
13761979636
13851800621
13931428205
17364766694
15102127720
17398785854
13632612544
13128903746
15275162814
13839158888
13701932525
13978612620
18135682204
13598292167
15800837737
13666113333
15022125422
15921738376
13071085008
15962625765
15565288111
13347197234
18117917536
13568179815
15232438111
13818582805
15939033197
15527779396
13838305952
13917339757
18030828932
13926147577
13650473248
13871552055
13910071897
13308635218
13761300342
18280413772
13901884670
18569107118
15094008960
17768133851
13817301668
13501729597
18349393666
13818255246
13020140733
18016248352
17765878059
13601612457
13198537220
18711178470
13661932919
13428065505
15213069759
17725834846
18180431441
13602633663
13938628268
13982168913
13261296369
18033061607
18511148955
15579020295
15821439950
18901938959
18821723095
13631423868
13889100148
13718081811
18090186688
18180007468
15896436115
18190826003
17317574764
13802673863
15567419590
13303856612
17727609190
15936990600
13816775568
18016250818
13311823528
15011439385
13516190158
13801836196
13636527688
18228097989
15107606166
13635273352
15810351185
13487223581
13311366676
13213004118
13764999396
15896600117
13288222491
13421689942
13525756316
18923749684
18313992603
13763909210
18315098611
13580503884
18025441797
13601644985
13501376821
17721120961
18263986155
18615758078
17727762020
18966168149
15838276242
18010591651
17345776271
13826179490
13311933651
17329825269
13689019485
13801936116
13901239253
18929331967
18607112649
13552063742
13813666458
17768228388
13310217599
13518266660
15113260701
15284860268
18611569399
15191867725
13918586903
13671645561
13701847435
18728411174
13883026748
15928035550
13728765110
18972201818
17663727581
15271930157
18166443268
13883676536
13958109261
13911270291
13882220358
15109208981
13707874833
18688888476
17727999404
18817919103
15811161098
13510554351
18621933826
17708132179
13983404083
15387510782
15108212072
13002449159
13558335108
18583270019
15862349298
13522712770
15903669090
13375448755
15122221575
18641715313
17364065541
13818180323
15040661163
13585150110
13978401117
13901365671
18539709256
13501878215
15800556196
18600399665
15952582123
13632411776
13389098102
13849088277
18026552430
17833728925
13677390840
17335743505
13396328589
13982668638
13817017278
15626218590
13503056004
13589129129
15000272875
13795444585
18266442218
13937926680
13379031433
13918012825
13671857255
17603863803
13672359532
15323306305
13711143663
15109762438
15038766399
13918122213
18523380808
13707622678
17875459790
13714578885
13980801881
18131823863
15197696660
17358608878
13801978527
15882228890
13409538815
15515843825
15215072569
13818515777
13849588883
13172304137
18200380485
18780360094
13037287897
13408465788
13330805696
13911888651
13838007936
18500091956
13701786967
13751691856
13761245939
18611763682
13162094770
18672342977
18937273777
15882319159
17700628668
13311776787
13801924686
15810675393
13910314621
18910429715
18118726099
13279482513
15818902048
19925790955
18100868677
15177298213
13918339925
18616860593
13926833249
13883478286
18616871335
18024802806
18982982866
13703888079
13195541209
13526862599
18595425079
13541005925
18911376752
17725831380
17795823493
18106964570
19141078469
15013324094
15123621789
13671805848
13501858947
13316357551
18629588938
13307619749
13488904982
15351466112
18930352158
13811669800
13926433360
18918189189
15717107595
18008002884
13828856734
17796361875
15926406770
13007513036
15981996161
13501389623
13003124146
13671759130
13311987901
15669092770
18688811302
13479756846
15777143540
18124097550
18567700366
13696084803
13811539850
13068846523
13621857982
18236445277
13585683321
13127990987
18138873824
18018651133
15800306463
13683517779
18974299705
13480893273
13651808198
18168161795
18379970062
13377557979
15093695699
13901876991
17665243948
13816311373
13568422888
15901362225
13764053506
13384774711
18265960195
18122547982
17318010442
13703969994
18100637175
13703743837
18930980662
13004179401
13661664419
13871239779
13801713418
13550819381
15039081342
13301799431
13033708018
15977675921
13636655102
13331919517
13647316301
17336541218
13510204002
13810514589
18181763321
18081038634
18296680109
15557153006
18282060399
15136108356
18028750521
17775755966
13353890008
13613706711
13568829114
13002139256
13896368583
18137758556
18078147488
18382700582
15000388180
18616025886
15516621789
13212709373
13883013467
13601898061
13621782195
18910798868
13920606681
15361095258
15675150283
13761663200
15882602192
18002523755
13982006903
13774278498
18582481992
18789936373
18340219765
13301282296
13371998386
13974978124
18384806584
18686628090
13350078897
15712087150
18939116066
15622177087
13838139479
15890115066
13502215510
15560249576
13917861261
17318073103
18608133709
18126214603
13751828583
17608296671
18523887603
13631599461
15886620157
18134197143
18109025474
17521185027
18802238181
18476928951
13801102188
13371997688
18571696168
18621662157
15802129588
18272929798
15237184915
15386192891
18380168145
13514948939
15808333604
18601620987
13716636643
15778886563
15866985866
18639254936
15308036212
18665301955
13611977232
13003117552
18538052121
13570298968
13648318847
15729369227
18631127850
13137715758
13381220656
13838818883
15001043055
13702180993
17701812670
13122239000
13910969941
17784033017
15827539599
15365609060
13801811806
13310880924
18711137429
13164663604
13693446737
17788110999
13736386602
13684347832
13588498827
18884046001
13522067561
18908220880
15517125553
13563752177
19936745074
13718999235
13980982648
19925175812
15823100847
13996171750
13540822487
13866314080
13699088236
15359282767
13509000092
17639613931
15282737680
13391380560
13621921626
13950005100
18510993694
15527268320
13783752203
17318064672
18970546474
13969518323
13795462798
18280801567
15823561886
15910253780
15308087247
15008275800
13471163303
18844063913
15144173320
13848623201
13980435611
19974901673
13431786233
18970891972
17301611213
15517829907
17717284118
18236972139
13875138150
18623511160
13014356958
13057069012
13916378218
15281062331
13538555712
18916358868
13601607567
15921663725
18349309702
13637932328
13733225392
13085208952
18878446967
18990237802
15976246450
18208290698
18218656803
13701102685
18580109009
15738838007
18939566688
13880084541
15982394316
13817689508
13918808378
13903826684
15255048824
15503296858
13911645224
13751939013
19928789042
13880515682
13944927193
15236360999
13671602777
17737785335
15881679721
13901882794
18224462105
13932458978
13981823986
18918262089
13319172049
18008035794
18622783392
18919606377
13901667110
14782291909
13906296081
18562293276
15576651353
18782944932
15896746777
17328862818
18175155159
18500778776
13366995298
18215655759
13627007070
13961127440
18502130279
13703784138
13321167194
18118727729
18217788781
15138262333
15966646122
13037223455
13377962297
15039805666
15838071237
18616833851
13801399066
13452075588
15327675896
18621331788
15036905663
13003206670
17630436427
13901939668
15075135677
17671685816
18280013729
13881965697
18898175767
18567228638
18038095253
18582323680
19528482180
18784760589
13503806729
13882263678
18016073117
19113103901
15510827577
18929251680
13671903691
17601303100
15821365523
13601938388
13206073333
18108063733
15766051862
13810488133
13003151331
13832490959
15323767743
18382702115
13909149102
18123831227
15634886797
19520946320
18728348153
13939783123
15602964055
18602285665
18292160041
18737746999
13262180624
13983383875
13501825498
15230258222
18086827852
13705977614
19937372268
19520795163
13764299079
13981503770
15281057442
13730621764
18899713326
13127823038
13903752628
13682481545
18382036782
13585923084
13708124277
18039377818
15736246265
15937134119
18930538899
17812046339
13718451970
15539159777
18500656258
13949586911
13420227692
13703837088
18111267200
18272739650
13333976232
17753124270
18912566186
13695248836
15890265360
13688064431
19835659221
18052026718
18593961772
13331809618
13803881267
15116469256
15727625887
13908174940
13658323927
18001766061
18736770288
13901911853
18398976737
13703800106
13311134308
18109210562
13938436360
18011537152
13823852779
18814347197
13916312698
13911030285
18482146681
15806875247
18033416631
13911863583
18567639557
15920494966
15216906988
13502811805
18821766931
13806462756
17861414220
18565421029
18122415626
13552072052
15808937871
13080013945
18660121176
17674752713
13810925989
13971086919
13701295055
15738355888
18876390230
13315211717
15137176720
13585766661
13601842653
15515006210
13120628492
15937018168
15908330468
18878467276
13795924301
13516137575
13761414719
13381116868
13688980048
13701990996
13688161713
18280290587
13801766686
15311119058
15508619888
13761776659
13901960670
18790131163
13636606226
13068310820
17738184816
13661430225
13386069621
13917957360
18888329890
17780832872
13381666876
18136712868
15008160981
13036562645
13670263725
18137182383
13671739602
13839250053
18918962318
18851857845
19937901910
18080695699
18688892446
18717371488
19136247217
13353827559
13501708649
13641974085
13002316753
18010767327
13718720767
18016291711
18426444988
18200266625
13162864608
13500009181
13301806703
13315270805
13849092893
13145905559
13598611866
13898156952
18075612041
18881251755
13405236131
15900607107
18255871818
13903719406
18381031898
15915619310
13980079678
13917128387
18603851994
17623178016
18569145729
13605174709
13590142373
18663799576
18854499873
15779863765
15800429188
17748786573
15972970837
15010642337
15886631712
13808020178
13123154262
13972587606
13782167661
13696022230
13701702008
13917987669
13320963579
13981899873
15900305769
13924635098
18216196722
15528569115
13801785432
13301712691
18513871413
15822087565
18801182005
18927406712
13453804435
13912732368
18937116806
13868753888
15829002921
13723586224
13817360349
15378633745
13671512357
13939286282
18818536121
15036680969
15090380356
18360931562
15986827717
13608875449
13917358509
13592322225
17308518606
13916110795
13670100321
18775357481
18935888730
15601693356
13380911168
17688882785
13817983067
13781636119
13653311169
13701878227
18382704514
13038755152
15601690321
13783891659
13601726806
18483633113
13601770853
13723782445
17726375720
13761607237
18701441004
17740228762
13013096362
15228595725
13713586591
18998999504
17873170380
13185623871
13996937197
15023212219
15203715113
13668113882
18625308444
15021881728
18721991938
13916684911
13917337878
13795307218
18128874185
13480646806
18002561894
13907482002
18272250513
15295179422
15207815647
18237978070
17317979149
18511356009
15139560550
18918952556
18526874759
13917378601
18169012005
13878457234
18129890874
13603801699
13392430399
13522658910
13787177361
18578952935
18538553121
15019443598
18127013193
18816854260
18019307295
13701062587
18008659901
13552794986
15070412082
13917259908
13626409663
13823687241
18616024526
13816690438
18351783228
13693730472
18117301530
13834572836
13189300692
13818236841
15649562111
13164317613
13776810590
13701662012
18718687932
13508328469
13916325110
13313385678
13666175378
15215033225
15859026165
13511505888
18108129635
15608020079
13981150026
16606380199
17765860827
13632983389
18662661913
15135175146
18177610207
13814493468
13795287445
13202039440
13888222296
13981801732
18901612726
13227043238
18602162828
18511148835
13890151119
18031346535
13978408896
13511032821
15399972816
13761338933
15971449530
13611263860
18224428700
13701535301
15518877003
18037819221
18537996537
13701090498
17701842212
18222361710
18916937855
13670260680
15309227843
18026552472
18081297000
13668193462
18339293503
13501936036
18956026888
13311812517
13803840904
19139776191
13262591976
13912303519
13701266102
13801728868
13311956789
18530861588
18611157612
13937180853
15913521098
18039551558
18310185236
13339237656
18072982026
18145502202
18359800057
13244074477
15681689532
13627134605
13611622577
18506942529
13817205000
18622390226
13631593740
13601161859
18708436158
13380383876
15626501447
18038906669
13901774753
15697663695
13817617730
18702354651
15800635258
18973600556
17321459512
16621385996
18223034430
15821085201
18990990071
18937975333
15601723958
13802222251
15818591626
13393981843
13864088439
18081064962
15902859055
18649866576
15704694867
18385434101
13524400252
18777166813
13701693325
13014670368
13801643635
15821893533
13911781065
15522316531
15223283838
13331908885
13623620057
13962954396
15896786520
18601149497
13523183043
13132250607
18982448228
18237175396
15680776797
18946580810
18138247907
18575546168
13803877739
18365798596
15527460987
18883379119
13585526606
13918111117
13503717975
17872770358
15112533036
18000211337
18918110598
13611835533
13183282999
18890064437
13910288395
15915238638
13116801958
13917479908
19908070242
18291950465
18516770984
13701794253
18938868539
18581556854
13305174119
18639132001
13641788411
13728770380
15797842616
13658334151
17365769592
13926566866
15201371201
13469998905
13801614911
13733996777
13633838868
13365316306
18602350945
17628388329
13688871814
15270947791
18917706092
13121321390
18039402832
13663736195
13917898312
18025427012
15115680341
18688077555
13311785936
18918328888
15038857926
18248805262
15338188899
15601856661
13890656689
13820396159
13435447801
15137240911
15695538322
13681688541
15873622155
13971505755
13849565325
18615600288
18939437561
18002902186
15999592430
13265977884
18664938294
15105417128
13902380792
13918536954
13764426828
13701913199
18138836054
13752077631
18523089893
13701052065
18811190311
13928408570
13613907555
15361879826
19136677787
15023167724
13301777190
13525337079
13837161676
18775973738
13002996600
13801872061
15937908798
13989175646
18109038861
13838099957
13371827388
19180489660
13155656011
18917005119
13938540730
17770967236
17691136787
13818282195
18931835272
13882050829
13601300569
13585888587
18602113825
15138919703
13838092882
17609298781
19865332768
13916114152
18502111108
18610620904
18048526751
15981810505
13260678823
13693297212
13600260754
13896212547
18664738254
18839636397
13818520381
15801119996
15803987095
13316987471
18821951171
17611230966
17700703137
18361681688
17345997881
18824281745
15312879666
15283098178
18030858246
13135536385
15575561353
18253878160
15680888173
13773449511
18716628507
19158826896
18040324723
18526700682
15123014201
13500341187
13811533608
13338933626
17734797505
13882257201
18839969917
18810566503
15884777360
18676207523
15971445112
15366076712
15003532931
17358522309
15093425357
13832354136
13797377771
18002526768
19972051427
13641704637
13822568467
13903886609
15038435770
18665384492
13539006991
15921683688
13980695007
18696521247
17725835364
18930739307
13564002108
13916540515
15884529420
15503296856
13811122320
15838555214
15902375281
18304622246
18627989925
15808502549
13643469009
13801824893
13821486608
18721553040
19925471426
13641717933
15802806303
13023171188
17701783322
17783053862
13213557973
15719450502
18637981999
18026554226
13817666801
15811280706
15009257316
18223558984
13965845236
18730152465
13502213356
15138963708
15388263033
13980676186
19953907899
18142684938
18616565469
18990427450
18336306417
18520482525
13918123806
15077441306
18879494667
15821807468
15683355101
18884252862
18016098990
13523558751
13801074888
13678125456
18522881082
15580822197
18806398289
18349305028
17311245710
15884465941
13917151892
15767582445
15579135791
13523387889
15332037797
13911680871
15959362918
18100321113
18621879861
15399932696
13636305243
18934707616
18150091227
15101152922
18908058998
15280850272
13633224455
13761919599
13585544965
13356259656
15822855811
13213818080
13585765126
18928931508
13701244519
13996119961
15839428688
18086430184
15893885577
18631458170
15079169683
13417144816
19128469737
18819134872
17737951575
13867109186
17867043971
15197236856
13213672253
18701006528
18603817991
18927465397
13816303010
15307553537
13568278222
15838894373
13967327879
15123240955
18589889580
13980750178
15939412990
18101815976
15102236976
15517385215
18665357030
15133691577
13901647053
13540567012
18926182722
13267470212
18122723658
18120076827
18601709250
13760801833
18343097794
13939590333
18638001545
18885160644
18580071639
13978414020
13048366133
13652218542
15600006282
13921106253
13542012523
13303892228
15210558795
18616375593
18616822818
18635456587
18600989009
13838205517
15756249775
13008160076
18217777069
13701629367
15084930540
18695872636
18707847143
13223703698
18821698072
15730392750
15837222229
17725159939
13880726885
13316958747
18147273555
15821858949
13311563555
13522945337
13886008943
13916386820
18328587275
13761649126
13962827388
13137270767
18921666001
13873678865
17778212505
13816365980
13981687200
18102658276
18216110920
15878776033
18621118588
18594089084
13816979728
18638575511
13916619819
13996286385
17345966155
13996645008
13703967763
17722603427
15921425956
15830085050
13476942540
15345374168
13837214386
13968053503
17332006666
17384076662
15817018370
15139322229
13033807057
18918353558
13905075563
13651951438
18175731974
18137182293
18239330911
18171271182
13601503927
13701982276
18511148851
18680131318
13889301716
15838263852
13801688788
15609073555
13901866592
15564932424
15278434249
18523443888
13807294709
18105495751
13761693598
13302176111
13916833315
13600494841
15718228286
13739099077
15273688287
13633850813
17623231403
13148756643
15111825867
13880603871
18903119433
13613920800
13429827539
13157170037
13560082011
19128608961
17685028627
15552565222
18017883566
13015761176
17377104009
13849364528
13157119861
13729950797
15024133232
18823164515
18123779953
15982359875
13361982960
18081119490
13901630959
13195533522
18979127665
13928880306
13901532026
17301101023
13479471765
18662180242
18806180920
13930239998
17782270670
18011525968
18244996317
15808095650
17808170211
13003270629
13003218537
18174403939
13761281068
18221306447
13817942224
18328567230
15176099056
15010165999
18200109132
13916478583
15996631286
18502012942
18017872978
13678072524
13875183201
15854811769
17691240880
15696119309
18137183078
18108632715
13551874991
13516652896
18339779071
18080925663
13381507652
13552757030
18813755927
13818292442
13396218011
13008887937
13628250658
13164640900
19898891538
18081645670
13981717016
18081801391
15030065325
13681978548
13907688811
13916604911
18111250357
13889217736
18933589477
18927324977
13816889413
15029939773
17388230876
13587018801
15822460232
16655058554
17704059968
13818218066
19923139902
13903461246
13428382990
13701829157
19925469507
18978451719
15814479802
13601698720
13311262335
13613977222
13581648036
13701857306
13356060085
18080971643
13996995789
15900695295
13321149869
15601630872
13788305121
18824309297
13816459338
13382635960
13701732668
18926565205
13801270987
13648131903
15388903452
17721268640
18602394915
18222284333
13852533133
13488750971
13221321188
17716330100
18902487514
15802333224
15982388073
13308182816
18721515717
18621182739
13416458744
13312969503
13724890485
18019119968
13122478886
15680802889
15622746994
13391155091
13816671837
18132122137
13916006928
13509251982
15937156350
13797534603
13423678020
13527578257
15515187257
13601821990
15550062931
13803382024
18229814346
13701794866
15928998823
18026903011
13122619016
18063421013
13601628897
13611610284
13520698953
13177872137
13825844838
13248334663
17830736806
15037525523
13801730676
18121186866
15312002760
13303898995
18937798070
13764492106
15626006693
13611619484
13805254973
18802092654
18065552126
13525757259
13910651888
13354721885
13821382156
17761216912
18778941254
18629254913
15993659807
13801613210
18805305057
13774324279
15666966690
15812869357
18124599479
13636632256
13717878040
15351435333
13378696815
13320816353
18003065694
13621982895
13761730487
13518171409
18203669570
15900708212
13926072503
18215622995
17817296426
18917330210
13980018512
15890122120
18582461820
15862088455
18925071375
13601838612
13355075927
13813011666
13426427493
17728600458
18027165294
13417447080
13621331633
18673633278
13699450118
18516269446
13782785290
15670608467
18695992711
15903691652
13663859307
13937551312
13622258365
13857386738
17388244133
13056662769
17335573953
13771562143
18158421897
13709639935
18021077203
13261933045
13541250394
13806214744
13406993970
15079092968
15937852001
13720280534
17772441522
18910751145
18878754281
13901744119
18650913607
13301666660
17752738213
13679023164
18790891817
18665926027
18838953697
15882545346
13383810007
13527311694
13366913988
18321643008
18026903108
15051906788
13687003233
15637658677
17882519908
13368295291
15882087772
15198294430
15098090305
17398892298
13006574826
18511149020
17689278457
13312813003
18149110445
13426481706
13701296697
15827120024
18607698018
13916524018
13058176480
18601123129
15103267611
17628026106
13817694990
18681557337
13141493119
13976018528
13653736211
13360803090
18202739035
15731091009
13761012898
13816600165
15997142600
18964507690
18639720217
18610388097
13301928537
15228887854
13611740623
18170048224
13052405237
13237005670
13523310172
13380303114
13816655863
13818981810
18624881695
13608925298
13301968586
15713962187
13723428786
13332904100
13381666363
13521582198
18996145675
13507630585
13918661136
13896133162
13839102467
13629162312
13621826706
15828178217
13381258160
18040562615
13601978785
15281047704
13607201995
13750172222
13611656111
15030065337
15926463515
13003273288
15228817779
13305279518
13554726812
13438278574
18102539617
13671878681
13061706176
18055179866
13701134168
13641737668
15390152369
18528030319
13831126431
13391900544
13085251222
13656176510
13120284831
13548115542
13701376659
13818952719
18384192107
15840381120
18631423382
13938101516
15882962725
13911879862
13331023233
13676934121
15335395456
13764299435
13520566619
13901733326
13311828987
18638807800
18927448715
18327055787
13983552845
13795358650
18683024111
13783331321
17352972629
18538196668
13801925130
13916259399
13381651021
13514074661
17710161506
13661585613
18601380119
13916600891
18103717404
15881093321
13822184800
18620231459
13001777996
13162953358
13811878861
18631297368
18054271517
18807081897
13916525997
13917443555
18600692699
15108369385
13311668006
13469773000
13661936978
13439282913
13781461512
15036304222
13681877266
15588855879
19978426507
15992468083
13838711862
15316780827
18137600555
13880111775
15207974107
15881156457
13189068045
13818154576
17766708767
13303603760
15223302696
15273666785
13540937432
13541154572
13845053772
13818587655
15767109550
16639375210
19173670390
18373014331
13523233322
15983333316
15213449152
18108193218
13618012258
18852126777
13511574635
13849859779
13901293554
13825067733
17737020299
17621925190
13831201231
13811226669
15943571399
18728489653
13719364009
13939050701
15991260103
15152563883
19923398112
18058781862
13592258969
17323201126
17623786009
18538753839
13407143480
18351058270
18256965499
17702398382
13798688818
13660260877
15261432246
13937253085
15626327032
15083071111
18152655435
13942844885
15874973316
18329303251
15618688205
13849230881
17723666243
13458200790
13810147115
13908172448
15773293724
18575618887
17335656773
15261110370
13910972691
13808223094
13297960782
18872276003
18580436628
18132226666
13916444664
13432511446
13701933761
13816759349
18276123711
13383811552
13916060944
18339060257
13096302687
15800510052
18100878572
15046211629
13514988041
13726725788
13162533928
15134100511
18602872915
15522336463
15617690362
18516052911
18627714249
18865936598
13512081938
13601893155
13816179996
13677665433
13301785887
18017240886
13980885426
13816206610
15800750434
13619881883
13661498788
13451923342
13866132926
15768499114
17630731216
18764941466
13148077728
13818670311
17665310305
13880412109
13505310753
18192367909
13918069151
13550477417
15690706587
15063899299
15075699299
15190485876
18402569165
13781383737
13636688533
13480137589
18930185052
18864285457
13937669678
13247038863
18018549499
18638941010
18738477077
17623448091
18996660114
17783102867
15801811788
18753162199
15042809900
13550339373
15690786678
18253909125
15339068128
18682050412
15211052976
13061682615
13763029843
17815017122
13388189254
13127882807
15516196688
13701813691
13701684360
18828059388
19801511100
18026552642
18621691105
13981712279
13052468930
15797651745
17762629245
13545086502
13880262823
18776708307
15837299300
15221145847
15528362345
13391117097
18025846382
18678781206
18875262016
13311863223
13653850398
18523135221
18107520539
18917746153
13410684243
13933806889
17725004942
13595177192
13790699565
13916478791
13917840178
13700744987
17705403540
13785388247
18983211196
18611349615
18782920325
13511000795
13911861392
18807949288
18210996072
13849816673
13718338262
15307428483
18200535684
13761484777
13952309891
17347621971
13724016335
15943952288
18975618442
18910964121
13146618666
18621724810
15184393144
17612910313
13283718360
15165077176
13313628588
18164093257
18688400089
13523783393
13720899519
18428175532
18373698511
18922836735
13918777838
18682422100
18879686068
15178929052
15115682168
15638370047
15152203388
18120975963
18018743249
18822694228
15920540435
13601906018
13983097894
17611601395
18380852837
18127015622
15224741753
15221591372
13945132282
13132323225
17711393756
13697764518
13977429535
15578005594
13801871408
13989137974
13917515990
18269772992
18223256588
13801638048
18922751165
13160610738
17708440925
13838138298
15007597445
18279330133
18249983927
15210596054
13012355160
15984247106
15993859832
18078088950
18611999142
18696556563
18221945862
13916580668
13341831981
15323469159
18602323951
13372194175
13524366910
15123331335
13301679581
15937415260
18356545697
18878115581
15937856372
18113124291
15770807075
18613614585
13501680400
18604530540
13671931866
13901090356
18580837414
13666276727
13544046028
15228806250
13689573170
18925212328
15000622223
17321271654
13469959290
13916923030
18030795967
13524667347
13816135574
18711271519
13920201559
13371673886
13568807841
17717922415
15000784390
13916028721
15908299099
13997721672
13530474730
15219629884
13817293366
13810665524
15812837707
13301755336
13311755071
13678077809
15070502020
